17 18 36
18 36 37
18 19 37
19 37 38
19 20 38
20 38 39
20 21 39
22 23 42
23 42 43
23 24 43
24 43 44
24 25 44
25 44 45
25 26 45
36 37 41
37 40 41
37 38 40
38 39 40
42 43 47
43 44 47
44 46 47
44 45 46
21 39 27
22 27 42
21 22 27
39 40 27
42 47 27
30 31 32
30 32 33
30 33 34
30 34 35
27 28 31
27 28 35
28 29 31
28 29 35
29 30 31
29 30 35
27 40 31
27 35 47
31 48 49
31 32 49
32 49 50
32 50 33
33 50 51
33 51 52
33 34 52
34 52 53
34 35 53
35 53 54
48 49 60
49 60 61
49 50 61
50 61 62
50 51 62
51 52 62
52 62 63
52 53 63
53 63 64
53 54 64
60 61 67
61 62 66
62 63 66
63 64 65
61 67 66
63 66 65
67 59 58
67 66 58
58 57 66
57 56 66
56 65 66
56 55 65
60 59 67
64 65 55
48 59 60
64 55 54
3 40 31
3 31 48
13 47 35
13 35 54
0 17 36
0 1 36
1 36 41
1 2 41
2 40 41
2 3 40
16 26 45
15 16 45
15 45 46
14 15 46
14 46 47
13 14 47
3 4 48
12 13 54
6 7 59
7 58 59
7 57 58
7 8 57
8 9 57
9 56 57
9 55 56
9 10 55
6 48 59
10 55 54
4 5 48
5 6 48
10 11 54
11 12 54
0 68 70
0 1 70
1 2 70
2 3 70
3 4 70
4 5 70
5 6 70
6 7 70
7 8 70
8 70 71
8 9 71
9 10 71
10 11 71
11 12 71
12 13 71
13 14 71
14 15 71
15 16 71
16 69 71
0 17 68
16 26 69
68 17 18
68 18 19
72 19 20
72 20 21
69 25 26
69 24 25
72 23 24
72 22 23
72 21 22
72 68 69
19 72 68
24 72 69
